|       name|              teff|          teff_err|               lum|             lum_err|               dnu|            dnu_err|                mhs|            mhs_err|
|       char|            double|            double|            double|              double|            double|             double|             double|             double|
|           |                 K|                 K|            solLum|              solLum|               uHz|                uHz|                dex|                dex|
|       null|              null|              null|              null|                null|              null|               null|               null|               null|
 KIC10079226          5928.8413         124.836624 1.5710737174019656  0.04869145831311617            116.036               0.735          0.15894459 0.07439805599999999 
 KIC10215584           5666.916           119.3337 1.6365683300837293  0.06267042077002394 115.15799999999999  2.8339999999999996         0.043013893          0.06886365 
 KIC10319352           5456.169          106.65401 1.8481809027076408 0.056483101523150836  78.74600000000002               1.732          0.26517493          0.06476182 
 KIC10322381          6146.7905           148.5787  2.444552442143596  0.07912606296294245  86.64399999999998               6.572         -0.31681377          0.07911252 
 KIC10417911           5628.257          109.98543 3.4081574745821066  0.11506754145588838  56.13800000000001               2.099          0.33572295          0.06811937 
 KIC10732098            5669.65         119.284546  3.017383868296964  0.12170575144852913             62.183  1.9240000000000002          0.04790876          0.06892031 
 KIC10794845          6035.1245 140.45928999999998   1.63694667911356   0.0558402223227068 116.34899999999999               6.699         -0.21047029         0.076624505 
 KIC10963065  6039.781999999997           139.1027 1.8835392073934167  0.06019204905516795            103.211 0.10800000000000001          -0.1639786          0.07675513 
 KIC10971974          5748.0024           142.4009 1.4303677995534183  0.04961989085368135            106.633               3.312         -0.06580214          0.08539831 
 KIC11021413          5329.1763         102.978386  3.159609239099417  0.11369352587248514 48.163999999999994               1.288          0.01189573         0.041770287 
 KIC11027406           5923.897          136.09485 1.9551686365100185  0.06997139245230599             88.314  0.9540000000000001         -0.20815113          0.07416025 
 KIC11137075  5493.513000000001          129.64581  2.234085984544293  0.08339834147824242             65.089               0.534         -0.12261337         0.048106145 
 KIC11244118           5506.825         107.376114  2.180462443821291  0.06515278439243133             71.373               0.069          0.29545936          0.06573338 
 KIC11294717            5672.31          116.89418 3.7550428845783816  0.15417552747283247              59.44               4.212          0.13516511          0.06899322 
 KIC11454149          6281.3066          150.39973 1.8708400018454998  0.06594860941707538            114.969  3.2969999999999997         -0.20932427          0.08237759 
 KIC11713510           5734.568 125.79928999999998 2.5030264367788924  0.08337777577464768             68.759               0.183        -0.098989815          0.07019709 
 KIC12117868           5937.589 131.45868000000002 1.9865427093556287   0.0624964189546573             93.695               3.943        -0.046125866         0.074535824 
 KIC12265063           5823.857           131.5392 2.8386483170793664   0.0998182724307628             67.875               2.498         -0.18213789          0.07202443 
  KIC2450729           6004.721          136.88783  3.432850594516437  0.12141728434030875              61.91               2.539         -0.13752252          0.07598133 
  KIC2991448          5588.1626          118.91807  3.086298655875099  0.11462060725882628             61.732               0.899         -0.03417071           0.0672645 
  KIC3223000          5979.4927          136.42706 1.9326300104530718  0.08698560850055115            110.919               1.662         -0.15295815          0.07541221 
  KIC3241581          5599.9614          111.08939  1.029203727667881  0.03406036531210965            123.412               2.821           0.2623322          0.06755555 
  KIC3427720          5992.9775           131.7569 1.4860839270079806  0.04640951034634533            120.045                0.12         0.008969495          0.07577853 
  KIC3437637           5374.771 106.38018999999998 3.2370410463350336  0.12500000408371825 48.083999999999996               1.996         -0.15563336         0.046895735 
  KIC3656476           5583.028          109.90648 1.5279484908637675  0.04799025247372457             93.305               0.079 0.28696409999999994          0.06722105 
  KIC3661135          5542.7446          114.75132  3.166965313622544  0.11610271872312734             54.965               1.588         0.061983887          0.06640086 
  KIC3735871           5960.385          131.76004 1.3664819330049114  0.04384547034936537 122.85600000000001 0.47200000000000003        -0.029105559          0.07504323 
  KIC3942719          5653.2954          126.50254  4.631670358944022  0.20220523941868865             45.463               1.208         -0.31492338         0.060011942 
  KIC3967859          5969.2925          140.58989 1.8865056499234325  0.06498251655887399  93.78200000000001  2.2159999999999997         -0.29230508          0.07510497 
  KIC4165030           5384.305          136.37001   2.22837354511595  0.07825759782649744 61.846000000000004               1.494         -0.38620338         0.050858498 
  KIC4346201 5821.3380000000025          140.06609  5.101210567538896   0.3033277126152134 55.318999999999996               0.434         -0.32449338          0.06649288 
  KIC4446300           5243.063           97.80203 2.8163048802770763  0.09769101870781682             50.025               0.469       -0.0041933693         0.040077865 
  KIC4450844          5757.8535          128.54033 2.5419029170448235  0.09165416751774913             72.653               0.198         -0.16246301          0.07065006 
  KIC4457351          5266.6953         100.036446 2.5389451688424685  0.09509403440976084  61.01600000000001               2.546         -0.27984336          0.04706973 
  KIC4465324          5677.1255          128.36606 1.8445558531484072  0.06663473056990821             86.274  1.4569999999999999         0.091694556          0.07808723 
  KIC4842436           5675.514          114.85506   2.35315813321152  0.09708978606291516             72.551  3.0860000000000003          0.21167392          0.06906824 
  KIC5084157          5656.4136          114.77474 1.9518636321150504   0.0678738284320084             87.726  3.2939999999999996          0.19258219          0.06867985 
  KIC5253542          5579.5156          111.00314 1.2857501881643187  0.04315616348596407            108.071               1.821           0.2420706          0.06715003 
  KIC5512589           5670.946          118.12488  2.591854753418698  0.08574146465133703             68.079               0.185         0.090092376          0.06895674 
  KIC5543462           6074.047          153.77295  2.134494017018489  0.08237155561307262             92.696               5.211         -0.20924458         0.087372735 
  KIC5950854          5914.0347              134.6 1.8138441786853896  0.06256473034300214  96.85700000000001 0.19399999999999998         -0.17308477          0.07396448 
  KIC6047087  6023.329000000002 139.19588000000002  2.044551756922999  0.06697708546516079             93.524               1.248         -0.18617213          0.07637286 
  KIC6116048          6003.9927 138.76748999999998 1.8352805318787984  0.05715384331447604            100.891 0.08900000000000001         -0.19593534          0.07593448 
  KIC6129877          6015.3667          132.58902 2.3768262595006115  0.08531272662680632             92.943               2.667         0.008736171          0.07627871 
  KIC6232600          6442.8364          159.63261 2.8433346951811487  0.09981089413501287             94.626               1.002         -0.26389915          0.08634357 
  KIC6593620           5582.858          123.68943 2.2022287459465666  0.07101603565174752             67.665  1.7480000000000002         -0.20614672          0.06708496 
  KIC6603624          5424.1636         105.603935 1.0838636005696274 0.037820602106066525            110.321 0.10400000000000001          0.26920536 0.06415602599999999 
  KIC6693861          5604.8047          122.93966 3.8444659135553865   0.1447007805040208             47.298                0.18         -0.33805338          0.05907504 
  KIC6848299          5239.8066         114.892685    2.3309501813931  0.07595012335345698              56.46                2.65         -0.28703338         0.045086276 
  KIC6933899            5771.83          123.26603 2.8785096477494587  0.10130532427165928             72.139               0.066          0.02974477          0.07101619 
  KIC7106245          5874.2173 131.65811000000002 1.4795269758649408 0.044752144385140864            111.337               0.174         -0.12670973         0.073126405 
  KIC7174707          5236.7896           97.20798 3.0392974037276845  0.10090352957820324             47.315               0.073          0.07628363         0.038258214 
  KIC7296438           5659.352          112.88541 1.8510595106344083  0.05570265769496552             88.743                0.11          0.26441413          0.06874443 
  KIC7376493            5434.75          115.88361 1.8748866177489327  0.06344667849381057             75.169               1.127         -0.07978037         0.046144728 
  KIC7383120          6072.7886 139.10338000000002  2.524633578305817   0.0842645799088575              83.41               4.181         -0.12521695          0.07752314 
  KIC7429287          5762.0845          133.09882 2.3837763884232595  0.07989631676461251             71.244  1.2109999999999999         -0.30524686          0.07065628 
  KIC7680114          5772.8145          120.69512  2.076880024885578 0.061356562912579175             85.169               0.083          0.11859624          0.07105792 
  KIC8012842           5730.606          116.65147 1.7164184940963865  0.05442833703830985             95.845                3.97           0.2109648         0.070195034 
  KIC8106950  5791.034000000002          156.56117 3.0302845941436254  0.13728455267749995  62.06100000000001               6.098         -0.36703336          0.06512452 
  KIC8114155          5595.8237          116.02156  2.380283695224829  0.08177041758972559             73.675               3.015          0.07774204 0.06744847400000001 
  KIC8321567  5590.526999999999         118.330536 2.3195684546017583  0.08489545846664592             70.851               0.757         0.061186492          0.06909757 
  KIC8394589          6070.4785          145.53531 1.8901005192443558 0.061466179798883365            109.443               0.204         -0.31932458         0.077354856 
  KIC8424992          5517.5083          128.72182 0.9859458842501851  0.02989994257234685            120.914               0.305         -0.09570137         0.074717954 
  KIC8574769           5531.196         106.468895 2.2222208315333254   0.0830768599121412  71.28399999999998               0.565          0.38546976         0.066869006 
  KIC8677016          5677.7505          123.71934 3.1097685232263714   0.2306765643792285             91.854               1.774         -0.09549205          0.06903577 
  KIC8696343           5855.971 126.39943999999998  1.799685318906846  0.05836265456709189            110.738               3.673          0.02285299          0.07279213 
  KIC8776961          5806.4414         125.930786 2.9576664418133047   0.1038361097219771             64.779               0.708        -0.019313589         0.071726784 
  KIC8938364           5765.721          126.57242 1.8158602057694149  0.05996919655010236             85.678 0.09699999999999999         -0.08823252          0.07084745 
  KIC9005973          5799.9126          134.98366 2.1960135562230203  0.07677331035385215             82.376  1.7180000000000002         -0.08938472          0.07765298 
  KIC9025370  5470.039000000002          114.72123 1.3312688957790888 0.052619411609997835            132.707               0.429        -0.021590602         0.064973295 
  KIC9026685  5629.748000000001          117.68887 2.6792574654405303   0.1328674015159903             61.894               0.639         0.057692952          0.06811937 
  KIC9098294          5858.2827          129.63808  1.439570358672312 0.042323404003765885             109.12 0.11699999999999999         -0.08036578          0.07280496 
  KIC9119139           5574.641          109.96498   2.82520809537915  0.09459433933419037 61.653999999999996  3.3810000000000002          0.27517268          0.06705541 
  KIC9143749            5735.36          124.10718 3.3618079387081137   0.1217946319182932             64.977               1.891        -0.010951865          0.07101091 
  KIC9204313          5630.6885          121.66733 1.9052512472251883  0.06169488874793382             74.334               0.815         -0.08033691         0.068093374 
  KIC9266926          5781.6396           133.6081 2.2313816946766267  0.07624008187869613             75.081  1.4580000000000002          -0.2982829          0.07106836 
  KIC9410862           6023.236          145.47508 1.7053602114346311  0.05546432647107302            107.552                0.16         -0.37379307          0.07624735 
  KIC9451741          5654.2314          112.29624 1.7982123838485948 0.062261037239706114             94.243               8.552 0.28007009999999993          0.06864153 
  KIC9757640          5460.9614          107.94399 2.6918292899569543  0.08765891045764285             62.006  1.6019999999999999           0.4028921         0.069295295 
  KIC9955598          5344.2905          107.07159 0.5977325639689874 0.020460571862091603            153.156                0.14          0.12009047          0.06265148 
  KIC9962623 5601.8380000000025 137.30136000000002 1.8063340694794128  0.05763411687538511  82.21600000000002  1.2919999999999998        -0.009623036          0.08402664 
